# Number of parameters = 146  Objective function value = 228.197  Maximum gradient component = 2.12533e-05
# theta[1]:
14.9999969487
# theta[2]:
0.822475465539
# theta[3]:
-2.00000000000
# theta[4]:
14.1214901270
# theta[5]:
15.3875625129
# theta[6]:
0.100891930154
# theta[7]:
0.687263928115
# sel_par[1]:
 0.267115557308 0.587185350730 -0.186202135832 -0.333352666490 -0.334746105718
# sel_par[2]:
 2.13889137461 -0.0465128265528
# log_ft_pars:
 -5.80090757353 -5.07789802312 -5.63785504437 -6.91409772281 -7.41677251645 -7.31782023512 -6.88744020564 -6.81800831612 -6.89704626949 -6.74635418864 -6.52599048132 -6.72110858668 -6.95522750847 -7.12629239005 -7.10455539121 -6.96356618057 -6.48617568653 -5.52401099837 -4.47716578936 -3.69393780065 -0.287794508501 -2.62467260292 -0.350356008755 -5.19407878197 -6.04830132577 -6.14778744412 -3.18317675578 -4.30150940682 -3.02149625727 -2.36639696359 -0.545092644875 -4.31743514916 -1.59889276031 -0.821239443239 -5.50181138431 -5.29563920235 -0.521329006701 -4.46866916144 -1.36648669486 -0.513186736787 -0.607792647023 -3.65049322706 -1.64684164297 -1.68649198695 -0.306098457652 -4.12592948494 -1.68567723254 -4.92395998877 -1.98913329176 -4.00947187456 -0.888212493823 -3.25401712040 -5.32737607018 -1.12240045413 -3.96019936448 -5.14188887231 -6.09394686831 -5.47503816066 -6.29321199492 -7.12837095757 -6.97895674347 -4.33607674892
# init_log_rec_devs:
 -0.277565647783 -0.324356696125 0.0773410948606 0.568172048626 0.819178748913 0.539698375240 0.172845072068 0.196690660984 -1.77200367843
# log_rec_devs:
 0.830704976898 0.281264769888 0.0645164224481 0.341582093547 0.337548231113 -0.0100499997660 -0.221602677844 -0.336735252019 -0.270758883796 -0.395141184038 -0.524262702295 -0.151511728299 0.00796424078838 0.0327770427959 0.214812352064 0.385526073394 0.385633520823 0.530964069608 0.553251295098 0.868902341886 1.07917096983 0.380653737356 0.295226055311 -0.451305795055 0.0411700297796 0.327154823123 0.415803234230 0.507391856324 0.536031894546 0.829578397152 1.19076203209 0.767914477326 1.03037967485 1.41705745768 0.771477216030 0.964813681665 1.40131731965 0.863975042510 1.12882005041 1.06869564535 0.618541065949 0.370634000148 0.399832202384 0.592954464634 0.265196146820 -0.0522354798859 -0.0429793957390 -0.510976901469 0.160100198265 -0.176563501916 0.188038649750 -0.535978706980 -0.583749851933 -0.380437550034 -0.246661525864 -0.178678591664 -0.408955836090 -1.39457827084 -2.32753712388 -2.84562817470 -4.08961523149 -6.31219337315
# log_m_nodes:
 0.00000000000 0.00000000000 0.00000000000 0.00000000000 0.00000000000 0.00000000000 0.00000000000 0.00000000000 0.00000000000 0.00000000000 0.00000000000 0.00000000000
