# Number of parameters = 137  Objective function value = -89.3783  Maximum gradient component = 2.80177e-06
# theta[1]:
15.0286291671
# theta[2]:
0.925505233716
# theta[3]:
-1.47000000000
# theta[4]:
14.3627951431
# theta[5]:
7.50001011720
# theta[6]:
0.167456594493
# theta[7]:
0.667523545559
# sel_par[1]:
 -0.171717973425 0.398681376184 -0.167884457027 -0.0386928943284 -0.0203860513985
# sel_par[2]:
 2.16087936496 -0.0924812812624
# log_ft_pars:
 -3.03327843784 -3.48539394578 -3.41032605604 -3.24694990296 -3.37224092090 -2.81750637981 -3.19604653027 -2.83447942723 -2.68492267853 -2.90136683262 -2.93695958371 -2.71556324868 -2.75406605141 -3.10982682493 -2.82092203519 -2.98906359024 -2.43927460465 -2.41076767366 -2.82536703151 -2.36774462938 -2.68099108139 -2.78944833943 -2.50664688480 -2.80361678113 -2.40110225080 -2.04223000443 -2.14943691127 -2.21140228878 -2.20574861623 -2.92718502481 -2.30350112024 -2.20621813059 -1.79052313372 -1.84814653524 -1.96266578248 -2.13241732127 -1.88524054569 -2.02235471851 -1.57238334920 -1.78868980710 -1.83481447896 -2.04134043358 -1.85369774812 -1.68573018586 -1.90600819511 -2.04426012858 -1.63694502964 -1.89689560500 -1.71044821466 -2.02815569359 -1.02590867141 -1.66711729638 -1.48984234801 -2.04323569343 -1.87946155563 -1.97167421538 -2.15327918705 -1.94979171531 -2.67606235298 -2.70116443310 -2.82448837963 -2.88447126857
# init_log_rec_devs:
 0.00000000000 0.00000000000 0.00000000000 0.00000000000 0.00000000000 0.00000000000 0.00000000000 0.00000000000 0.00000000000
# log_rec_devs:
 0.00000000000 0.0585940167806 -0.141089908392 0.143475087743 0.135513048200 -0.211838452685 -0.452967482156 -0.589718406555 -0.555823762603 -0.717601012692 -0.886983982401 -0.566138729607 -0.448550832193 -0.436598168061 -0.252895987921 -0.101511241583 -0.226878514855 -0.409785525295 -0.757301663076 -0.600667097656 -0.518591156840 -0.255536929249 -0.189283939743 -0.184546462188 0.193486381956 0.367369819612 0.198803275815 -0.00232005448115 -0.213529323611 0.0616215214722 0.353218062042 0.433620368319 0.599013668021 0.944218928609 0.554590892682 0.573502671077 0.666865295992 0.435475780046 0.551430674197 0.737443419220 0.791143584732 0.857352356521 0.659046785451 1.06778366150 0.908645459960 1.36065489831 1.28126872584 0.827588780672 1.33058419390 0.966811147510 1.22697080313 0.542843098000 0.422630561552 0.519081710896 0.973024713073 0.955852675742 0.561389072573 -0.556527249919 -1.62393736762 -2.20576383373 -3.48535372124 -5.66917429098
# log_m_nodes:
 0.00000000000 0.00000000000 0.00000000000 0.00000000000 0.00000000000 0.00000000000 0.00000000000 0.00000000000 0.00000000000 0.00000000000 0.00000000000 0.00000000000
