# Number of parameters = 157  Objective function value = 2069.90  Maximum gradient component = 5.37043
# theta[1]:
14.7799708038
# theta[2]:
0.852287598369
# theta[3]:
-1.47000000000
# theta[4]:
14.2634256862
# theta[5]:
15.9894079209
# theta[6]:
0.399330995833
# theta[7]:
0.674221188361
# sel_par[1]:
 -0.202896659578 0.391148222750 -0.307791352687 -0.218355864467 0.337891589189
# sel_par[2]:
 3.17432453826 -0.0553961573164
# sel_par[3]:
 2.35898518449 -0.0135601088804
# sel_par[4]:
 2.29253475714 -2.30258509299
# sel_par[5]:
 0.690035547217 -0.677632074090
# sel_par[6]:
 2.06717723804 1.96895507089 0.637268846036 -1.48756597530 -3.18583006932
# sel_par[7]:
 -22.9033668329 -0.676750209904
# log_ft_pars:
 -3.35721011279 -3.52448464937 -3.35192391332 -3.41958149133 -3.46656906471 -3.39741046963 -3.29104622734 -3.03752593629 -2.94993084485 -2.83091608077 -3.02668196735 -2.75276389195 -2.69881184223 -2.60876215997 -2.50140124236 -2.53256111351 -2.51583056165 -2.47562487180 -2.39358765039 -2.36030300910 -2.11835951604 -2.07345667990 -2.05817198783 -1.85191178817 -1.87413368193 -1.99518346969 -2.04634724814 -2.08813545529 -1.84106609493 -1.62369969366 -1.72226317251 -1.40298654534 -1.72179414405 -1.65464520342 -2.00970563716 -1.83246669389 -2.01261220912 -1.76905545578 -1.64995475513 -1.79726056444 -1.86622942474 -1.69784014534 -2.16863837091 -2.05079056860 -2.04883996742 -2.15837744279 -2.43752610693 -2.41460621492 -2.42519529395 -2.46787213172 -2.64882770390 -2.42484420860 -2.47331783600 -2.49603309653 -2.79617265292 -2.73700523807 -2.75844050125 -2.67728712669 -2.37994470834 -2.15576962120 -1.64519825067 -1.18776755837
# init_log_rec_devs:
 -0.179473631715 -0.202118385603 0.0951446957053 0.466588276682 0.689597372506 0.438611460150 0.0640644223013 0.0448453393516 -1.46662373411
# log_rec_devs:
 1.38433800941 0.867020149373 0.665844077443 0.890904902814 0.861490965866 0.577507749042 0.397129575848 0.311520062006 0.379721195644 0.225536387025 0.00383939598728 0.217932140178 0.166757390709 0.124980622975 0.334400756800 0.495927957458 0.307873765695 0.0533147668516 -0.376577647423 -0.301968611580 -0.224497964762 -0.0459775267170 -0.169096372527 -0.192999080810 0.245126058613 0.277471575230 0.0476376149698 -0.251142273221 -0.512216225664 -0.485632895205 -0.153966808123 -0.169447742055 -0.00694686050680 0.261210196578 -0.226324639918 -0.0851799990975 0.0710260063742 -0.211614606301 0.00741827509585 0.100798838474 0.171382931368 0.204118606083 0.0763445806163 0.360197409847 0.342281520974 0.591291641557 0.468643268594 0.148136582125 0.395080470984 0.234370081421 0.540473055100 0.215028423242 0.233272061441 0.445207521342 0.969016559485 0.835966471322 0.587450192527 -0.505784353016 -1.37336161873 -2.07353859622 -3.30519107851 -5.43176076044
# log_m_nodes:
 0.00000000000 0.00000000000 0.00000000000 0.00000000000 0.00000000000 0.00000000000 0.00000000000 0.00000000000 0.00000000000 0.00000000000 0.00000000000 0.00000000000
