# Number of parameters = 175  Objective function value = 3076.05  Maximum gradient component = 0.000177602
# theta[1]:
11.3494880839
# theta[2]:
0.930496085419
# theta[3]:
-1.51501660528
# theta[4]:
10.7776438807
# theta[5]:
11.5096200108
# theta[6]:
0.253578342856
# theta[7]:
0.676846815069
# sel_par[1]:
 -0.0340579779968 -0.0647343454245 -0.158105185476 -0.101136853043 0.358034361701
# sel_par[2]:
 -3.85553748898 -2.63907208880 -0.0645729498560 2.47137578824 4.08780673962
# sel_par[3]:
 -4.09775493863 -2.35146705656 0.0972001925570 2.38331594493 3.96870585798
# sel_par[4]:
 2.06686275947 -11.5129254650
# sel_par[5]:
 -1.13990339349 -0.685410560091 0.0321278627233 0.702866501710 1.09031958920
# sel_par[6]:
 0.0616663542474 0.0407032280109 -0.00235058365951 -0.0409749876508 -0.0590440111409
# sel_par[7]:
 0.00928290418416 0.00828774550690 0.00138335342500 -0.00700963779119 -0.0119443653262
# sel_par[8]:
 -0.0138065173064 -0.0122143402469 -0.00428186928585 0.0105916760241 0.0197110508773
# log_ft_pars:
 -3.36922472611 -4.02196826656 -4.17000443361 -4.11203842184 -4.30718627280 -3.81042147766 -4.24578190253 -3.93522980309 -3.85453744989 -4.05461280533 -4.07352478692 -3.82816321849 -3.82285832980 -4.05979273726 -3.72321834383 -3.86531827326 -3.22981048080 -3.23007270313 -3.71624080205 -3.31188712453 -3.56569126869 -3.66848936149 -3.30097262956 -3.49310022244 -2.90833277795 -2.36229168226 -2.39718710363 -2.60797802155 -2.57619010770 -3.21003469090 -2.43159086800 -2.19670044056 -1.69385211737 -1.52639317649 -1.66118064130 -1.86930659222 -1.64539519450 -1.84507345874 -1.45744288653 -1.66951863754 -1.66700279156 -1.88563979396 -1.81788088689 -1.59097411217 -1.88887284108 -1.90244987831 -1.42669194468 -1.78567776033 -1.49575385868 -1.94496883407 -0.848622772998 -1.57441457676 -1.52817332291 -2.20277489201 -1.96395821107 -2.00489564952 -2.22490081180 -2.28253356940 -3.40075667719 -3.81604266408 -4.29672475020 -4.62629823378
# init_log_rec_devs:
 -0.122333327059 0.188915495225 0.527423486223 0.698074338395 0.427858683617 0.132690186495 0.211582257567 -0.683000923466 -1.38121043911
# log_rec_devs:
 0.634695882126 0.435607428280 -0.0515596212547 -0.250072450001 -0.0382897330871 -0.0318887812921 -0.324670463106 -0.520421303744 -0.622993786708 -0.572743492263 -0.691292999946 -0.850132961227 -0.365849512130 -0.162019364134 -0.232583631184 -0.123332769111 -0.123719760670 -0.407609960798 -0.698977806709 -1.08337744229 -1.21095155675 -1.07482506887 -1.06438461688 -0.972755044110 -0.754574695805 -0.203666897286 -0.198189393147 -0.223850772288 -0.308879818476 -0.392528339352 -0.0977476048448 0.260551385228 0.366381264678 0.600917608298 0.754307478424 0.439446480738 0.475650326417 0.610761052808 0.612069853763 0.858866146840 0.888665884636 0.988360666819 0.910045581368 0.908158561955 1.18567908325 1.03586026565 1.29354125877 0.953643199582 0.553616807681 0.914713513337 1.16651768852 0.741861925495 0.401449931351 0.496595654252 0.865580746236 1.06649498673 0.686809963385 0.453811436757 -0.664027998854 -1.58355816779 -1.83782699665 -3.82135974569
# log_m_nodes:
 0.00000000000 0.00000000000 0.00000000000 0.00000000000 0.00000000000 0.00000000000 0.00000000000 0.00000000000 0.00000000000 0.00000000000 0.00000000000 0.00000000000
