./iscam -ind iscam.dat 
/home/metienne/ICCAT/ICCAT-BFT/CAAModels/iSCAM/bfte/2012/inflated/low/ICCAT
** __MODEL DIMENSION__ **
  syr	1950
  nyr	2011
  sage	1
  nage	10
  ngear	8
** ___________________ **
ifleet index	 1 2 3 4 5 7 8
_________________________
linf
0.1
vonbk
0
to
0
a
0
b
0
ah
0
gh
0
_________________________
la
 0 0 0 0 0 0 0 0 0 0
wa
 0 0 0 0 0 0 0 0 0 0
catch_data
 0 0 0 0 0 0 0 0 0
 0 0 0 0 0 0 0 0 0
 0 1 0 2 0 3 0 4 0
 5 0 6 0 7 0 8 1950 7.1938e+05
 0 0 0 0 0 0 0 1951 4.0169e+05
 0 0 0 0 0 0 0 1952 3.7751e+05
 0 0 0 0 0 0 0 1953 3.999e+05
 0 0 0 0 0 0 0 1954 3.2682e+05
 0 0 0 0 0 0 0 1955 5.2076e+05
 0 0 0 0 0 0 0 1956 3.214e+05
 0 0 0 0 0 0 0 1957 4.0907e+05
 0 0 0 0 0 0 0 1958 4.2033e+05
 0 0 0 0 0 0 0 1959 3.015e+05
 0 0 0 0 0 0 0 1960 2.6238e+05
 0 0 0 0 0 0 0 1961 3.0786e+05
 0 0 0 0 0 0 0 1962 2.8364e+05
 0 0 0 0 0 0 0 1963 1.9561e+05
 0 0 0 0 0 0 0 1964 2.6655e+05
 0 0 0 0 0 0 0 1965 2.3366e+05
 0 0 0 0 0 0 0 1966 3.992e+05
 0 0 0 0 0 0 0 1967 3.859e+05
 0 0 0 0 0 0 0 1968 2.3013e+05
 0 0 0 0 0 0 0 1969 3.3469e+05
 0 0 0 0 0 0 0 1970 2.3102e+05
 0 0 0 0 0 0 0 1971 2.1596e+05
 0 0 0 0 0 0 0 1972 3.0092e+05
 0 0 0 0 0 0 0 1973 2.3506e+05
 0 0 0 0 0 0 0 1974 3.971e+05
 0 0 0 0 0 0 0 1975 6.2967e+05
 0 0 0 0 0 0 0 1976 5.7597e+05
 0 0 0 0 0 0 0 1977 5.2811e+05
 0 0 0 0 0 0 0 1978 4.8991e+05
 0 0 0 0 0 0 0 1979 2.4189e+05
 0 0 0 0 0 0 0 1980 4.9126e+05
 0 0 0 0 0 0 0 1981 5.9175e+05
 0 0 0 0 0 0 0 1982 9.7687e+05
 0 0 0 0 0 0 0 1983 1.086e+06
 0 0 0 0 0 0 0 1984 9.6896e+05
 0 0 0 0 0 0 0 1985 8.3932e+05
 0 0 0 0 0 0 0 1986 1.0749e+06
 0 0 0 0 0 0 0 1987 8.854e+05
 0 0 0 0 0 0 0 1988 1.3312e+06
 0 0 0 0 0 0 0 1989 1.0981e+06
 0 0 0 0 0 0 0 1990 1.1179e+06
 0 0 0 0 0 0 0 1991 1.0001e+06
 0 0 0 0 0 0 0 1992 1.2062e+06
 0 0 0 0 0 0 0 1993 1.5684e+06
 0 0 0 0 0 0 0 1994 1.2709e+06
 0 0 0 0 0 0 0 1995 1.3631e+06
 0 0 0 0 0 0 0 1996 2.2224e+06
 0 0 0 0 0 0 0 1997 1.6043e+06
 0 0 0 0 0 0 0 1998 2.0997e+06
 0 0 0 0 0 0 0 1999 1.4311e+06
 0 0 0 0 0 0 0 2000 3.8835e+06
 0 0 0 0 0 0 0 2001 1.5969e+06
 0 0 0 0 0 0 0 2002 1.6601e+06
 0 0 0 0 0 0 0 2003 8.7274e+05
 0 0 0 0 0 0 0 2004 1.1664e+06
 0 0 0 0 0 0 0 2005 1.1681e+06
 0 0 0 0 0 0 0 2006 9.6371e+05
 0 0 0 0 0 0 0 2007 9.6387e+05
 0 0 0 0 0 0 0 2008 3.4853e+05
ft_count
125
last row of catch 
 0 0 0 0 0 0 0 2008 3.4853e+05
Ok after catch extraction
Number of surveys 0
