# Number of parameters = 187  Objective function value = 3319.09  Maximum gradient component = 8.81718e-06
# theta[1]:
11.2039253221
# theta[2]:
0.995011854805
# theta[3]:
-1.46603311658
# theta[4]:
10.5116167671
# theta[5]:
10.8982645846
# theta[6]:
0.173034829811
# theta[7]:
0.672796456593
# sel_par[1]:
 0.0953748432616 0.0750884416624 -0.0361844656553 -0.0843349232620 -0.0499438960079
# sel_par[2]:
 -3.80042419924 -2.56241182089 0.0115857714743 2.45203228232 3.89921796633
# sel_par[3]:
 -4.05476074103 -2.27036136757 0.176040173275 2.36867911631 3.78040281901
# sel_par[4]:
 2.29253475714 -9.11503019217
# sel_par[5]:
 -1.19015532695 -0.723021442011 0.0232189716968 0.733818685975 1.15613911128
# sel_par[6]:
 0.0600723928465 0.0401394118511 -0.00149798497998 -0.0396093927209 -0.0591044269870
# sel_par[7]:
 0.00848204596111 0.00760176694248 0.00137966549628 -0.00640564458677 -0.0110578338194
# sel_par[8]:
 -0.00536486335283 -0.00538674332645 -0.00397136819947 0.00457536608934 0.0101476087897
# log_ft_pars:
 -2.58276627806 -2.20302311220 -1.76980333439 -3.65298907490 -3.67991784326 -4.02034209870 -3.28366896407 -2.39857725328 -5.85761980344 -6.36871349698 -5.76334321181 -5.28722465363 0.464701135988 -6.17850987577 -6.92980031589 -5.99686395457 -5.28437968856 -2.28967067847 -2.31589638667 -5.30891538148 -4.86889576533 -1.22082726403 -1.49092182970 -0.697485653533 -1.49284489369 -1.12489204672 -2.96809405406 -6.04194512950 -0.253026047091 -4.13210825662 -2.18614539693 -1.01190461903 -4.47932648799 -0.131393255314 -1.91073099713 -1.52912394644 -0.236469315966 -4.40468284371 -1.38305379702 0.364930824792 -2.65724677496 -0.584576560067 -0.637532544240 -2.51348137238 -0.241525891346 -2.62530416915 -1.03999701958 -0.814365711952 -0.553316612206 -0.737562044736 -2.57463385383 -0.991190304977 -1.04368458356 -0.249467042826 -1.26055024901 -3.93412210649 -1.05151329112 -1.18047681796 -2.48208311256 -6.65157050141 -7.23187353467 -0.0158200380289
# init_log_rec_devs:
 -0.184917827630 0.145727267568 0.484667383859 0.684973807049 0.428288970727 0.144773030378 0.238731195599 -0.645563870507 -1.29667985202
# log_rec_devs:
 0.213453018031 -0.0318029252280 -0.602772761571 -0.916321605023 -0.666586234576 -0.566551649274 -0.777824410318 -0.924141491758 -0.985711181016 -0.802082292997 -0.768982222344 -0.767534050916 -0.128537752147 -1.29502873981 -1.18388711039 -0.886726869569 -0.702595391744 -0.760321746881 -0.909723138399 -1.14698079515 -1.04757798174 -0.696633499289 -0.772689589144 -0.688515248792 -0.736137873294 -0.140234422911 -0.138664704391 0.0854722116006 0.304684391527 -0.287056826201 0.275097788648 0.860150160081 0.945736152356 1.60263977887 1.28727281379 1.22390938587 1.42122821746 1.15906662061 1.53646340072 1.98479254956 0.879652247091 1.30493514033 0.983233263950 0.769814642804 1.37550067766 0.757890923857 1.29980236356 1.01716915200 0.499076848505 0.653675810034 0.752608286025 0.867573646319 0.527546621076 0.642693069473 0.458008327579 0.671448522232 0.580936602086 0.266200246289 -0.872436736895 -1.66357690936 -1.71535801492 -3.62473871785
# log_m_nodes:
 -0.140923020922 -0.169184667297 -0.163743800087 -0.136861939687 -0.119473835081 -0.107379937444 -0.0942463244010 -0.0809851974336 -0.0694549017834 -0.0607884236964 -0.0551664103648 -0.0524983461775
