## ------------------------------------------------------------------------- ##
#  MODEL DIMENSIONS                                                          ##
## ------------------------------------------------------------------------- ##
	1950		# -first year of data			(syr)
	2011		# -last year of data			(nyr)
	1		# -age of youngest age class			(sage)
	10		# -age of plus group			(nage)
	8		# -number of gears			(ngear)
##
## ------------------------------------------------------------------------- ##
## Allocation for each gear in (ngear), use 0 for survey gears.              ##
## ------------------------------------------------------------------------- ##
	1	0	0	0	0	0	0	0
##
## Type of catch: an ivector based on legend below                           ##
##               1 = catch in weight                                         ##
##               2 = catch in numbers                                        ##
##               3 = catch in spawn (roe)                                    ##
## ------------------------------------------------------------------------- ##
	2	1	1	1	1	1	1	1
##
## ------------------------------------------------------------------------- ##
## Age-schedule and population parameters                                    ##
## ------------------------------------------------------------------------- ##
	0.23		# -natural mortality rate (m_fixed) TOBE DEPRECATED
	319		# -asymptotic length (linf) - cm 
	0.093		# -body growth coefficient (k)
	-0.97		# -theoretical age at zero length (to)
	1.95e-05		# -scaler in length-weight allometry
	3.009		# -power parameter in length-weight allometry
	4		# -age at 50% maturity (approx with log(3.0)/k)
	0.8		# -std at 50% maturity (CV ~ 0.1)
##
## ------------------------------------------------------------------------- ##
## TIME SERIES DATA                                                          ##
## Observed catch (row dimensions syr:nyr) (col dimensions yr,1:ngear)       ##
## ------------------------------------------------------------------------- ##
##  Year	Gear 1	Gear 2	Gear 3	Gear 4	Gear 5	Gear 6	Gear 7	Gear 8
	1950	719376	0	0	0	0	0	0	0
	1951	401688	0	0	0	0	0	0	0
	1952	377507	0	0	0	0	0	0	0
	1953	399898	0	0	0	0	0	0	0
	1954	326817	0	0	0	0	0	0	0
	1955	520758	0	0	0	0	0	0	0
	1956	321402	0	0	0	0	0	0	0
	1957	409068	0	0	0	0	0	0	0
	1958	420327	0	0	0	0	0	0	0
	1959	301505	0	0	0	0	0	0	0
	1960	262382	0	0	0	0	0	0	0
	1961	307862	0	0	0	0	0	0	0
	1962	283642	0	0	0	0	0	0	0
	1963	195612	0	0	0	0	0	0	0
	1964	266550	0	0	0	0	0	0	0
	1965	233661	0	0	0	0	0	0	0
	1966	399202	0	0	0	0	0	0	0
	1967	385899	0	0	0	0	0	0	0
	1968	230129	0	0	0	0	0	0	0
	1969	334690	0	0	0	0	0	0	0
	1970	231016	0	0	0	0	0	0	0
	1971	215964	0	0	0	0	0	0	0
	1972	300915	0	0	0	0	0	0	0
	1973	235056	0	0	0	0	0	0	0
	1974	397102	0	0	0	0	0	0	0
	1975	629674	0	0	0	0	0	0	0
	1976	575972	0	0	0	0	0	0	0
	1977	528113	0	0	0	0	0	0	0
	1978	489912	0	0	0	0	0	0	0
	1979	241887	0	0	0	0	0	0	0
	1980	491265	0	0	0	0	0	0	0
	1981	591754	0	0	0	0	0	0	0
	1982	976869	0	0	0	0	0	0	0
	1983	1086031	0	0	0	0	0	0	0
	1984	968964	0	0	0	0	0	0	0
	1985	839316	0	0	0	0	0	0	0
	1986	1074870	0	0	0	0	0	0	0
	1987	885399	0	0	0	0	0	0	0
	1988	1331248	0	0	0	0	0	0	0
	1989	1098051	0	0	0	0	0	0	0
	1990	1117910	0	0	0	0	0	0	0
	1991	1000083	0	0	0	0	0	0	0
	1992	1206237	0	0	0	0	0	0	0
	1993	1568426	0	0	0	0	0	0	0
	1994	1270862	0	0	0	0	0	0	0
	1995	1363056	0	0	0	0	0	0	0
	1996	2222366	0	0	0	0	0	0	0
	1997	1604255	0	0	0	0	0	0	0
	1998	2099717	0	0	0	0	0	0	0
	1999	1431068	0	0	0	0	0	0	0
	2000	3883478	0	0	0	0	0	0	0
	2001	1596923	0	0	0	0	0	0	0
	2002	1660127	0	0	0	0	0	0	0
	2003	872741	0	0	0	0	0	0	0
	2004	1166406	0	0	0	0	0	0	0
	2005	1168079	0	0	0	0	0	0	0
	2006	963708	0	0	0	0	0	0	0
	2007	963869	0	0	0	0	0	0	0
	2008	348532	0	0	0	0	0	0	0
	2009	248739	0	0	0	0	0	0	0
	2010	159044	0	0	0	0	0	0	0
	2011	115611	0	0	0	0	0	0	0
##
## ------------------------------------------------------------------------- ##
## ABUNDANCE INDICES -A RAGGED ARRAY: (1,nit,1,nit_nobs,1,5)                 ##
## ------------------------------------------------------------------------- ##
	7	# Number of abundance series   	int(nit)
	 31	35	26	22	11	44	5 # Number of observations in series   ivector(nit_nobs(1,nit))
	 1	1	2	1	2	2	2 # Survey type (see key below)  	ivector(survey_type(1,nit))
## 1 = survey is proportional to vulnerable numbers
## 2 = survey is proportional to vulnerable biomass
## 3 = survey is proportional to spawning biomass (e.g., a spawn survey)
##
## survey_data
##		iyr	it		  gear		wt		survey_timing
1981	1541	2	1	0.5
1982	2061.62	2	1	0.5
1983	2174.3	2	1	0.5
1984	2391.52	2	1	0.5
1985	1621.34	2	1	0.5
1986	781.72	2	1	0.5
1987	860.82	2	1	0.5
1988	2014.26	2	1	0.5
1989	1071.04	2	1	0.5
1990	1228.66	2	1	0.5
1991	1454.41	2	1	0.5
1992	630.44	2	1	0.5
1993	655.1	2	1	0.5
1994	689.65	2	1	0.5
1995	447.47	2	1	0.5
1996	756.43	2	1	0.5
1997	1996.46	2	1	0.5
1998	1849.79	2	1	0.5
1999	2279.69	2	1	0.5
2000	1497.16	2	1	0.5
2001	2579.38	2	1	0.5
2002	2257.33	2	1	0.5
2003	1318.13	2	1	0.5
2004	665.17	2	1	0.5
2005	1348.53	2	1	0.5
2006	1277.98	2	1	0.5
2007	2006.59	2	1	0.5
2008	1277.25	2	1	0.5
2009	1576.03	2	1	0.5
2010	2023.26	2	1	0.5
2011	1406.38	2	1	0.5
1975	1.9	3	1	0.5
1976	2.15	3	1	0.5
1977	3.53	3	1	0.5
1978	1.5	3	1	0.5
1979	2.7	3	1	0.5
1980	1.69	3	1	0.5
1981	1.63	3	1	0.5
1982	3.32	3	1	0.5
1983	2.12	3	1	0.5
1984	1.62	3	1	0.5
1985	1.75	3	1	0.5
1986	1.32	3	1	0.5
1987	2.16	3	1	0.5
1988	1.35	3	1	0.5
1989	1.05	3	1	0.5
1990	1.41	3	1	0.5
1991	1.21	3	1	0.5
1992	1.03	3	1	0.5
1993	1.04	3	1	0.5
1994	1.12	3	1	0.5
1995	1.42	3	1	0.5
1996	0.5	3	1	0.5
1997	0.53	3	1	0.5
1998	0.71	3	1	0.5
1999	0.64	3	1	0.5
2000	0.74	3	1	0.5
2001	0.96	3	1	0.5
2002	2.05	3	1	0.5
2003	1.7	3	1	0.5
2004	0.82	3	1	0.5
2005	0.88	3	1	0.5
2006	1.91	3	1	0.5
2007	0.94	3	1	0.5
2008	1.22	3	1	0.5
2009	1.04	3	1	0.5
1955	36.1988	4	1	0.5
1956	21.2539	4	1	0.5
1957	28.607	4	1	0.5
1958	24.1259	4	1	0.5
1959	32.4077	4	1	0.5
1960	46.8311	4	1	0.5
1961	51.8361	4	1	0.5
1962	64.6688	4	1	0.5
1963	1.6705	4	1	0.5
1964	33.9778	4	1	0.5
1965	69.6042	4	1	0.5
1966	35.7046	4	1	0.5
1967	61.057	4	1	0.5
1968	23.5316	4	1	0.5
1969	28.0558	4	1	0.5
1970	42.7555	4	1	0.5
1971	43.5187	4	1	0.5
1972	43.0475	4	1	0.5
1973	42.148	4	1	0.5
1974	45.7189	4	1	0.5
1975	38	4	1	0.5
1976	21.16	4	1	0.5
1977	42.4444	4	1	0.5
1978	12.2778	4	1	0.5
1979	3.75	4	1	0.5
1980	20.1429	4	1	0.5
1990	0.3647	5	1	0.0833
1991	0.4607	5	1	0.0833
1992	0.7831	5	1	0.0833
1993	0.7687	5	1	0.0833
1994	0.9143	5	1	0.0833
1995	0.9629	5	1	0.0833
1996	2.561	5	1	0.0833
1997	1.6251	5	1	0.0833
1998	0.8549	5	1	0.0833
1999	1.214	5	1	0.0833
2000	1.2287	5	1	0.0833
2001	1.4589	5	1	0.0833
2002	1.116	5	1	0.0833
2003	1.1471	5	1	0.0833
2004	1.0333	5	1	0.0833
2005	0.7453	5	1	0.0833
2006	0.8737	5	1	0.0833
2007	0.9014	5	1	0.0833
2008	1.0551	5	1	0.0833
2009	1.5528	5	1	0.0833
2010	2.5276	5	1	0.0833
2011	4.2334	5	1	0.0833
1952	179.22	6	1	0.5
1953	184.74	6	1	0.5
1954	226.46	6	1	0.5
1955	187.01	6	1	0.5
1956	470.53	6	1	0.5
1957	315.05	6	1	0.5
1958	252.25	6	1	0.5
1959	506.79	6	1	0.5
1960	485.16	6	1	0.5
1961	327.29	6	1	0.5
1962	180.12	6	1	0.5
1963	312.09	7	1	0.5
1964	457.4	7	1	0.5
1965	228.91	7	1	0.5
1966	349.1	7	1	0.5
1967	345.89	7	1	0.5
1968	447	7	1	0.5
1969	610.62	7	1	0.5
1970	594.66	7	1	0.5
1971	744.71	7	1	0.5
1972	525.63	7	1	0.5
1973	535.63	7	1	0.5
1974	245.39	7	1	0.5
1975	484.22	7	1	0.5
1976	483.96	7	1	0.5
1977	547.56	7	1	0.5
1978	705.26	7	1	0.5
1979	623.01	7	1	0.5
1980	634.81	7	1	0.5
1981	510.66	7	1	0.5
1982	503.78	7	1	0.5
1983	625.14	7	1	0.5
1984	331.71	7	1	0.5
1985	1125.74	7	1	0.5
1986	751.21	7	1	0.5
1987	1008.43	7	1	0.5
1988	1394.68	7	1	0.5
1989	1285.6	7	1	0.5
1990	986.51	7	1	0.5
1991	901.2	7	1	0.5
1992	695.16	7	1	0.5
1993	2093.55	7	1	0.5
1994	1007.03	7	1	0.5
1995	1235.91	7	1	0.5
1996	1739.29	7	1	0.5
1997	2246.41	7	1	0.5
1998	879.51	7	1	0.5
1999	339.77	7	1	0.5
2000	960.44	7	1	0.5
2001	704.49	7	1	0.5
2002	687.42	7	1	0.5
2003	444.91	7	1	0.5
2004	1210.46	7	1	0.5
2005	2383.57	7	1	0.5
2006	850.09	7	1	0.5
2007	2967.83	8	1	0.5
2008	3063.81	8	1	0.5
2009	1351.93	8	1	0.5
2010	2393.02	8	1	0.5
2011	4045.55	8	1	0.5
##
# ------------------------------------------------------------------------- ##
## AGE COMPOSITION DATA (ROW YEAR, COL=AGE) Ragged object                    ##
## ------------------------------------------------------------------------- ##
	7		# Number of gears with age-comps int(na_gears)
	62	42	40	42	11	44	5		# Number of rows in the matrix   ivector(na_nobs)
	1	1	1	1	1	1	1		# Youngest age column	 ivector(a_sage)
	10	10	10	10	10	10	10		# Oldest age column +group	 ivector(a_nage)
## year gear age colums (numbers or proportions)
## Commercial Age Comps
	1950	1	0.3159	0.3677	0.0055	0.0125	0.0467	0.0827	0.053	0.0316	0.0466	0.038
	1951	1	0.0859	0.1076	0.0588	0.0607	0.117	0.1487	0.1753	0.0835	0.0818	0.0807
	1952	1	0.0117	0.0203	0.0309	0.0244	0.1033	0.1532	0.1759	0.2079	0.1614	0.111
	1953	1	0.041	0.054	0.0353	0.0368	0.1115	0.1253	0.1588	0.1474	0.1556	0.1342
	1954	1	0.0453	0.0609	0.008	0.0165	0.1309	0.1255	0.1134	0.0796	0.1344	0.2855
	1955	1	0.0255	0.1394	0.206	0.0805	0.0672	0.0727	0.065	0.0691	0.0906	0.1839
	1956	1	0.017	0.111	0.1721	0.0709	0.0734	0.0773	0.0827	0.0758	0.1221	0.1978
	1957	1	0.0149	0.1034	0.1618	0.0822	0.0611	0.113	0.1286	0.0844	0.0515	0.199
	1958	1	0.0503	0.0977	0.1371	0.0704	0.1422	0.1154	0.0884	0.083	0.0637	0.1519
	1959	1	0.0259	0.1509	0.2203	0.0854	0.0537	0.0569	0.045	0.0481	0.075	0.2388
	1960	1	0.0182	0.087	0.1146	0.0746	0.1151	0.0958	0.0664	0.0844	0.1112	0.2328
	1961	1	0.0254	0.1172	0.1535	0.0922	0.103	0.0905	0.039	0.0458	0.0904	0.243
	1962	1	0.0245	0.1047	0.1263	0.0726	0.0841	0.0859	0.0402	0.0781	0.1046	0.2791
	1963	1	0.0309	0.1528	0.1945	0.1081	0.1025	0.0748	0.0448	0.0331	0.0448	0.2136
	1964	1	0.0506	0.2004	0.2301	0.1372	0.0874	0.0504	0.0414	0.0184	0.0173	0.1668
	1965	1	0.0575	0.2095	0.2187	0.1226	0.0661	0.0481	0.0474	0.0207	0.0128	0.1967
	1966	1	0.0988	0.2812	0.326	0.1125	0.0453	0.0424	0.0165	0.0101	0.008	0.0592
	1967	1	0.17	0.185	0.2794	0.114	0.0449	0.0375	0.042	0.0089	0.0124	0.1058
	1968	1	0.0943	0.2007	0.2426	0.1787	0.076	0.0297	0.0468	0.0264	0.0098	0.095
	1969	1	0.1288	0.3489	0.2218	0.1024	0.0462	0.0206	0.0133	0.0211	0.0128	0.0841
	1970	1	0.1688	0.333	0.1544	0.0891	0.0464	0.0347	0.0249	0.0202	0.0251	0.1034
	1971	1	0.016	0.4127	0.2355	0.0771	0.0598	0.0226	0.0254	0.0296	0.0275	0.0939
	1972	1	0.0185	0.5011	0.2669	0.0603	0.036	0.0267	0.0163	0.0095	0.0102	0.0545
	1973	1	0.033	0.371	0.3347	0.0521	0.0203	0.0185	0.0296	0.0329	0.0317	0.0763
	1974	1	0.1133	0.3633	0.1816	0.1391	0.032	0.0165	0.0095	0.0121	0.0219	0.1108
	1975	1	0.1331	0.5591	0.131	0.0382	0.0188	0.0126	0.0074	0.0055	0.0071	0.0873
	1976	1	0.0304	0.3418	0.4167	0.0825	0.0316	0.0113	0.0068	0.0038	0.0051	0.0701
	1977	1	0.1277	0.5235	0.1535	0.0853	0.0126	0.009	0.0083	0.0055	0.0053	0.0693
	1978	1	0.2012	0.3841	0.2707	0.0546	0.0174	0.0052	0.0056	0.0038	0.0029	0.0545
	1979	1	0.066	0.1916	0.3534	0.195	0.0364	0.0157	0.0131	0.0194	0.0167	0.0926
	1980	1	0.312	0.2841	0.227	0.072	0.0233	0.0129	0.008	0.0051	0.0055	0.0501
	1981	1	0.1545	0.5419	0.1933	0.0283	0.0192	0.0105	0.0077	0.0083	0.0059	0.0305
	1982	1	0.4454	0.2678	0.1787	0.0368	0.0082	0.0041	0.0054	0.0093	0.0049	0.0393
	1983	1	0.6139	0.1814	0.1091	0.0255	0.0106	0.0049	0.008	0.0062	0.005	0.0354
	1984	1	0.168	0.6222	0.0831	0.0308	0.0191	0.0104	0.0061	0.0068	0.0108	0.0428
	1985	1	0.1505	0.3898	0.3256	0.0631	0.0136	0.0084	0.0036	0.0035	0.004	0.0379
	1986	1	0.5634	0.2282	0.1028	0.0563	0.0101	0.0052	0.0031	0.002	0.003	0.0259
	1987	1	0.2641	0.4807	0.1473	0.0397	0.0153	0.0088	0.009	0.0046	0.0041	0.0266
	1988	1	0.5915	0.1508	0.1667	0.034	0.0092	0.0068	0.0077	0.0042	0.0039	0.0252
	1989	1	0.4164	0.3728	0.0946	0.0469	0.0238	0.0049	0.0083	0.0058	0.0043	0.0224
	1990	1	0.3909	0.294	0.1749	0.0482	0.0334	0.0067	0.0062	0.0093	0.0115	0.025
	1991	1	0.2432	0.4019	0.1861	0.0523	0.0393	0.0076	0.0051	0.0062	0.0147	0.0436
	1992	1	0.1901	0.4376	0.2322	0.0418	0.0158	0.0105	0.0109	0.0089	0.0106	0.0416
	1993	1	0.1789	0.4771	0.2309	0.0409	0.0159	0.0085	0.0074	0.0059	0.006	0.0285
	1994	1	0.2399	0.3952	0.1353	0.0446	0.0316	0.0222	0.0217	0.0191	0.0186	0.0717
	1995	1	0.3251	0.2368	0.2176	0.0481	0.0394	0.0289	0.0162	0.013	0.0122	0.0628
	1996	1	0.3252	0.3372	0.1854	0.0713	0.0159	0.0069	0.0082	0.0075	0.0089	0.0333
	1997	1	0.2466	0.4225	0.1544	0.0402	0.0123	0.0075	0.0078	0.0191	0.0286	0.061
	1998	1	0.2534	0.3637	0.209	0.0594	0.0084	0.0512	0.0057	0.0062	0.0096	0.0333
	1999	1	0.3624	0.3293	0.0626	0.0496	0.0395	0.0151	0.0132	0.0184	0.0427	0.0672
	2000	1	0.6095	0.226	0.1154	0.0046	0.0066	0.0062	0.0036	0.006	0.0067	0.0154
	2001	1	0.0171	0.602	0.1532	0.0781	0.0075	0.013	0.032	0.0227	0.0163	0.0582
	2002	1	0.0684	0.5425	0.2184	0.0509	0.0111	0.006	0.0088	0.0188	0.021	0.0541
	2003	1	0.0671	0.4096	0.1469	0.0394	0.0545	0.0271	0.0239	0.0319	0.0368	0.1627
	2004	1	0.2348	0.3631	0.1331	0.0428	0.01	0.027	0.0431	0.0136	0.0254	0.1071
	2005	1	0.3615	0.1932	0.1323	0.0771	0.029	0.0224	0.0249	0.0211	0.0201	0.1185
	2006	1	0.128	0.2143	0.2706	0.0788	0.0178	0.0581	0.0261	0.0299	0.0887	0.0875
	2007	1	0.0038	0.2262	0.1195	0.2678	0.0689	0.0388	0.0443	0.0356	0.063	0.1322
	2008	1	0.0022	0.1811	0.1198	0.1924	0.148	0.078	0.0556	0.0485	0.0466	0.1278
	2009	1	0.0054	0.0909	0.0824	0.2125	0.0988	0.1238	0.1331	0.0773	0.0418	0.1339
	2010	1	0.0015	0.1146	0.0923	0.1986	0.1558	0.116	0.0926	0.074	0.0781	0.0764
	2011	1	2e-04	0.0232	0.0288	0.141	0.3419	0.1286	0.0899	0.0378	0.0579	0.1508
## Survey Age comps
	1970	2	6e-04	0.0013	3e-04	7e-04	0.0038	0.0109	0.0384	0.0743	0.1651	0.7047
	1971	2	0	0	0	3e-04	0.0011	0.0088	0.011	0.0223	0.0766	0.8799
	1972	2	0.0026	0.0067	0.0146	0.0198	0.006	0.028	0.0336	0.0604	0.081	0.7474
	1973	2	0.0802	0.0024	0.0041	0.0046	0.0024	0.017	0.0141	0.0543	0.0921	0.7287
	1974	2	0	0	0.0108	0.0108	0.0108	0.0324	0.027	0.0486	0.1027	0.7568
	1975	2	0.0073	0.0179	0	0	0.0039	0	0	0.0073	0.0267	0.937
	1976	2	0	0	0	0	0	0	0	0.007	0.008	0.985
	1977	2	0.0028	0.0067	0	0	0.0014	0	0.0226	0.0414	0.0538	0.8712
	1978	2	0	0	0	0	0	0.0046	0.0155	0.076	0.0888	0.8151
	1979	2	0	0	0	0	0.0218	0.0473	0.0608	0.0922	0.1495	0.6284
	1980	2	0.055	0	0	0	0.0092	0.0299	0.1145	0.064	0.0602	0.6671
	1981	2	0	0	0	0	0.025	0.1194	0.1826	0.2461	0.0819	0.345
	1982	2	0	0	0	2e-04	0.0106	0.0368	0.1349	0.1333	0.1415	0.5427
	1983	2	0	0	0	0	1e-04	2e-04	2e-04	0.029	0.0527	0.9178
	1984	2	0	0	0	0.0049	0.0081	0.0103	0.0359	0.0717	0.183	0.6861
	1985	2	0	0	0.0062	0.0429	0.0234	0.058	0.0479	0.0482	0.0642	0.7092
	1986	2	0.1185	0.5918	0.0285	0	0	0.0023	0.0082	0.0067	0.011	0.2332
	1987	2	0	4e-04	0	0	0.0015	0.0184	0.0468	0.0428	0.0659	0.8241
	1988	2	0.0119	0.0025	0.0038	0.0038	0.0121	0.0552	0.0636	0.0526	0.0478	0.7468
	1989	2	0.0185	0	2e-04	0.0024	0.0198	0.0832	0.132	0.1499	0.1112	0.4828
	1990	2	0	0	0	0.0015	0.0273	0.059	0.1302	0.1961	0.2482	0.3377
	1991	2	0.0143	0.092	0.1708	0.0668	0.0723	0.0962	0.0453	0.0589	0.0953	0.2879
	1992	2	0.0026	0.0123	0.0065	0.0066	0.0266	0.0829	0.1704	0.1249	0.1208	0.4463
	1993	2	9e-04	0.0031	0.0024	0.001	0.0029	0.0114	0.0189	0.0484	0.103	0.808
	1994	2	0.1725	0	0.0014	0.0041	0.0944	0.1599	0.0871	0.0431	0.0435	0.3939
	1995	2	0	0	3e-04	0.001	0.0145	0.0062	0.0131	0.0412	0.1594	0.7643
	1996	2	0	0	5e-04	0.0118	0.0299	0.0258	0.0283	0.0315	0.0728	0.7993
	1997	2	0	0	0.0011	0.0175	0.0789	0.0886	0.0563	0.0902	0.0984	0.569
	1998	2	0	0	1e-04	0.0021	0.0151	0.0544	0.0757	0.0891	0.15	0.6135
	1999	2	0	0	6e-04	0.0019	0.0065	0.0311	0.0413	0.0752	0.0822	0.7612
	2000	2	0	0	0	0.0036	0.0304	0.0328	0.0619	0.1203	0.1467	0.6042
	2001	2	0	0	0	0.0166	0.0437	0.0602	0.0736	0.117	0.1635	0.5254
	2002	2	0	0	0	3e-04	0.0041	0.0107	0.0319	0.0911	0.1259	0.7359
	2003	2	0	0	0	4e-04	0.0186	0.0411	0.0477	0.115	0.2454	0.5318
	2004	2	0	0	0	0	0.0054	0.0143	0.0159	0.0393	0.1482	0.7769
	2005	2	0	0	9e-04	2e-04	0.0041	0.0171	0.0454	0.091	0.0976	0.7437
	2006	2	0	0	0	0.0073	0.0243	0.1151	0.1266	0.1558	0.1056	0.4652
	2007	2	0	0	0	0.0092	0.0303	0.1419	0.1421	0.1538	0.1041	0.4187
	2008	2	0	0	1e-04	1e-04	0.0042	0.0085	0.0208	0.0602	0.1425	0.7637
	2009	2	0	0	0	0.0013	0.0255	0.0361	0.0348	0.084	0.1269	0.6914
	2010	2	0	0	2e-04	3e-04	0.0041	0.0195	0.0648	0.0959	0.1853	0.63
	2011	2	0	0	0	0.001	0.0018	0.0041	0.0086	0.0279	0.0672	0.8894
	1970	3	0	0	0	0	0.016	0.032	0.056	0.272	0.24	0.384
	1971	3	0	0	0	0	0	0.0396	0.1493	0.0827	0.1745	0.554
	1972	3	0	0	0.0066	0.0013	0.0026	0.0093	0.0172	0.0848	0.2132	0.6649
	1973	3	0	0	0	0.0036	0.0036	0.0073	0.0036	0.0551	0.0479	0.8789
	1974	3	0	3e-04	4e-04	0.005	0.004	0.0081	0.0043	0.0502	0.0465	0.8813
	1975	3	0	0.0027	0.002	0.0086	0.0055	0.0081	0.0088	0.019	0.0247	0.9205
	1976	3	2e-04	0.0014	0.0016	0.0061	0.0251	0.0225	0.0197	0.0207	0.0224	0.8804
	1977	3	0	0.0017	0.0034	0.0041	0.0035	0.0192	0.041	0.1029	0.1622	0.662
	1978	3	0	0	0.0054	0.0277	0.0639	0.0692	0.029	0.0223	0.0094	0.7731
	1979	3	0	0	0.0052	0.0102	0.0127	0.1571	0.1533	0.3711	0.2296	0.0607
	1980	3	0	0	0.018	0.0098	0.0214	0.0376	0.0668	0.1253	0.1299	0.5912
	1981	3	4e-04	0.0012	0.0027	0.0015	0.0046	0.0215	0.0526	0.1488	0.1247	0.6421
	1982	3	0	0	3e-04	0.0023	9e-04	0.0036	0.0253	0.2702	0.0023	0.6951
	1983	3	0	0.0017	0.0092	0.0163	0.0509	0.0645	0.0986	0.1207	0.0956	0.5426
	1984	3	0	0	0.0017	0.0111	0.0235	0.0408	0.0648	0.1386	0.2523	0.4673
	1985	3	0.001	0.0062	0.0131	0.0151	0.0377	0.0409	0.0631	0.057	0.0528	0.7129
	1986	3	0	0.0016	0.0049	0.015	0.0418	0.0424	0.0422	0.0579	0.0719	0.7223
	1987	3	0	0	0.0027	0.0039	0.0115	0.0338	0.0894	0.0788	0.0952	0.6846
	1988	3	0	0.0011	0.0029	0.0121	0.0116	0.0369	0.0867	0.1298	0.1164	0.6027
	1989	3	0	0	0.0056	0.017	0.0197	0.0309	0.049	0.0786	0.1268	0.6723
	1990	3	0	8e-04	7e-04	0.0041	0.0188	0.0584	0.084	0.1401	0.1614	0.5318
	1991	3	0.0013	0	0.0013	0	0.0013	0.003	0.0508	0.1371	0.2799	0.5255
	1992	3	0	0	0.0034	0.0105	0.0055	0.0194	0.0129	0.04	0.1056	0.8027
	1993	3	0	0.0029	0.0015	0	0	0.0037	0.004	0.0125	0.0654	0.91
	1994	3	0	0	0.0092	0.0425	0.0112	0.0159	0.075	0.076	0.074	0.6961
	1995	3	0	0	0	0.0218	0.019	0.0227	0.0383	0.045	0.0612	0.7919
	1996	3	0	0	0.005	0.01	0.0331	0.0339	0.0223	0.0411	0.0422	0.8123
	1997	3	0	0	0	0	0.0078	0	0.0235	0.0904	0.1969	0.6814
	1998	3	0	0	0.0013	0.004	0.0053	0.0143	0.0025	0.0025	0.0376	0.9325
	1999	3	0	0	0	0	0	0	0	0.1273	0.2217	0.651
	2000	3	0	0	0.0087	0.1858	0.0932	0.0572	0	0.0185	0.0883	0.5482
	2001	3	0	1e-04	2e-04	0.0079	0.0086	0.1294	0.1923	0.3612	0.145	0.1553
	2002	3	0	0	0.0106	0	0.0106	0.0279	0.2493	0.0986	0.0734	0.5296
	2003	3	0	0	0.0164	0.0552	0.0017	0.0259	0.0587	0.0255	0.0829	0.7336
	2004	3	0	0	0.0091	0.0039	0.025	0.0255	0.0572	0.0312	0.0697	0.7783
	2005	3	0	0	0	0	0	0	0.0055	0.0212	0.0507	0.9226
	2006	3	0	0	0.0092	0.0017	0	0.0109	0.1183	0.1504	0.1903	0.5191
	2007	3	0	0.013	0.0938	0.0679	0.0141	0.0011	0.0432	0.1409	0.1233	0.5028
	2008	3	0	0	0	0.0072	0.0183	0.0075	0.0216	0.0393	0.0668	0.8393
	2009	3	0	0	0	0.012	0.0259	0.0083	0.0315	0.0676	0.1019	0.7528
	1970	5	0	0	0	0	0	0	0.1667	0.3333	0.1667	0.3333
	1971	5	0	0	0.0225	0	0	0	0	0.0135	0.0495	0.9144
	1972	5	0.0084	0	0.0042	0.0063	0.0084	0.0148	0.0274	0.1097	0.1203	0.7004
	1973	5	0	0	0	0	0	0	0	0.0556	0.0278	0.9167
	1974	5	0.0075	0.0223	0.1478	0.1194	0.1407	0.1707	0.017	0.0412	0.0282	0.3052
	1975	5	0.0015	0.0174	0.0142	0.1102	0.0616	0.0513	0.0334	0.0594	0.0485	0.6027
	1976	5	0	0.0074	0.0211	0	0	0.0297	0	0.0356	0.0287	0.8774
	1977	5	0	8e-04	0.0013	0.0013	0.0046	0.0059	0.0521	0.0592	0.0437	0.8312
	1978	5	0	0	0	0	0	0.0062	0	0.1975	0	0.7963
	1979	5	0	0.0015	0	0.0388	0.1179	0.2612	0.3418	0.1761	0.0597	0.003
	1980	5	0	0	0.011	0.0276	0.0497	0.1436	0.2983	0.1989	0.1105	0.1602
	1981	5	0.0175	0.0201	0.015	0.0125	0.0025	0.0226	0.0476	0.1328	0.0977	0.6316
	1982	5	0	0	0	0	0	0	0.2083	0.0833	0	0.7083
	1983	5	0.002	0.0075	0.0121	0.0388	0.0544	0.082	0.1022	0.079	0.0745	0.5476
	1984	5	4e-04	0	0.0168	0.0063	0.038	0.0469	0.0316	0.0797	0.2007	0.5797
	1985	5	0	0.006	0.0459	0.0133	0.0048	0.0967	0.0895	0.0629	0.0496	0.6312
	1986	5	0.0019	0.0038	0.0132	0.0282	0.0545	0.0414	0.0714	0.0414	0.0977	0.6466
	1987	5	0	0	0	0.0282	0.0226	0.0452	0.0904	0.1582	0.3785	0.2768
	1988	5	0	0	0	0.0257	0.0294	0.0919	0.1581	0.0993	0.125	0.4706
	1989	5	0	0	0.0055	0.0109	0.0284	0.1091	0.2181	0.2672	0.1876	0.1734
	1990	5	0	0	0.0039	0.0042	0.0476	0.066	0.0984	0.1231	0.1892	0.4675
	1991	5	0	0.0151	0.0219	0.0602	0.0406	0.0927	0.1311	0.0776	0.1304	0.4305
	1992	5	0	0.0021	0.013	0.0485	0.2228	0.1337	0.0739	0.088	0.1082	0.3098
	1993	5	0	0.0021	0.0137	0.0975	0.1606	0.164	0.1948	0.1393	0.0674	0.1606
	1994	5	0.0023	4e-04	0.0042	0.0056	0.0262	0.0803	0.2648	0.2144	0.1913	0.2105
	1995	5	0	0.0016	0.0106	0.0522	0.0629	0.3216	0.193	0.1112	0.1517	0.0951
	1996	5	0	0	0.0042	0.029	0.0378	0.0722	0.1469	0.1832	0.2011	0.3257
	1997	5	0	0	9e-04	0.0068	0.0211	0.0706	0.1281	0.2006	0.2697	0.3023
	1998	5	0	0	0.0037	0.0107	0.0138	0.0527	0.1271	0.1572	0.2376	0.3973
	1999	5	0	0.0091	0.0093	0.0608	0.1389	0.0758	0.1257	0.203	0.1208	0.2565
	2000	5	0	4e-04	0.0015	0.0033	0.0308	0.1274	0.1088	0.1867	0.2157	0.3255
	2001	5	0	0	0	0	0	0.1014	0.3548	0.189	0.1659	0.189
	2002	5	0	7e-04	0.0016	0.002	0.0025	0.0063	0.0847	0.3114	0.3239	0.2668
	2003	5	0.001	0.0086	0.0306	0.0791	0.0944	0.1197	0.1002	0.11	0.1413	0.3149
	2004	5	0.0017	0.0226	0.0147	0.0454	0.0285	0.0638	0.2066	0.175	0.0972	0.3444
	2005	5	5e-04	0.0116	0.0192	0.0233	0.0332	0.0537	0.1413	0.1719	0.2395	0.3059
	2006	5	0.0068	0	0.0359	0.0129	0.0597	0.0627	0.1581	0.1781	0.1342	0.3516
	2007	5	0.0027	0.0014	0.0237	0.0835	0.0514	0.1161	0.1244	0.1877	0.1709	0.2382
	2008	5	6e-04	0.0042	0.0061	0.0578	0.1538	0.069	0.2232	0.2049	0.1062	0.1743
	2009	5	0	0	0	0	0.0121	0.3875	0.1953	0.149	0.1743	0.0819
	2010	5	0	0	0	0	4e-04	0.0076	0.1925	0.5602	0.1374	0.1019
	2011	5	0	0	0	0	1e-04	0.0025	0.0089	0.1235	0.5816	0.2835
	1952	6	0	0.035	0.0238	0.0451	0.4336	0.3479	0.099	0.0156	0	0
	1953	6	0	0.0351	0.0238	0.0451	0.4336	0.3479	0.099	0.0156	0	0
	1954	6	0	0.0351	0.0239	0.0451	0.4336	0.3478	0.0989	0.0156	0	0
	1955	6	0	0.0351	0.0239	0.045	0.4336	0.3478	0.099	0.0156	0	0
	1956	6	0	0.035	0.0238	0.0451	0.4336	0.3479	0.0989	0.0156	0	0
	1957	6	0.0071	0.0767	0.051	0.0332	0.4152	0.3137	0.0891	0.014	0	0
	1958	6	0.0142	0.1062	0.0903	0.044	0.3741	0.2795	0.0792	0.0125	0	0
	1959	6	0.0213	0.1356	0.1297	0.0548	0.3331	0.2453	0.0693	0.0109	0	0
	1960	6	0.0283	0.1651	0.169	0.0655	0.2921	0.2112	0.0594	0.0094	0	0
	1961	6	0.0354	0.1946	0.2083	0.0763	0.251	0.177	0.0495	0.0078	0	0
	1962	6	0.0425	0.2241	0.2476	0.0871	0.21	0.1428	0.0396	0.0062	0	0
	1963	7	0.0497	0.2535	0.2869	0.0979	0.169	0.1086	0.0297	0.0047	0	0
	1964	7	0.0567	0.283	0.3263	0.1086	0.1279	0.0745	0.0199	0.0031	0	0
	1965	7	0.0638	0.3125	0.3656	0.1194	0.0869	0.0403	0.01	0.0016	0	0
	1966	7	0.0658	0.3198	0.4153	0.1471	0.0422	0.0094	5e-04	0	0	0
	1967	7	0.1096	0.2272	0.3788	0.254	0.0207	0.0039	0.0026	0.002	0.0012	0
	1968	7	0.0853	0.2862	0.1748	0.3177	0.1141	0.02	6e-04	8e-04	7e-04	0
	1969	7	0.1887	0.6051	0.1623	0.0343	0.0064	0.0031	2e-04	0	0	0
	1970	7	0.0979	0.4457	0.1677	0.1443	0.0881	0.0384	0.0139	0.0039	0	0
	1971	7	0.0311	0.4948	0.1464	0.1341	0.1453	0.0375	0.0084	0.0023	0	0
	1972	7	0.0213	0.6044	0.0713	0.0553	0.1023	0.0842	0.0412	0.0159	0.0041	0
	1973	7	0.0203	0.4676	0.1502	0.0344	0.0391	0.0529	0.0851	0.0832	0.0624	0.0049
	1974	7	0.0282	0.5233	0.3388	0.081	0.0233	0.0052	2e-04	0	0	0
	1975	7	0.1938	0.6198	0.1039	0.0631	0.0145	0.0047	2e-04	0	0	0
	1976	7	0.0093	0.6466	0.2353	0.0378	0.0349	0.0241	0.0109	0.0012	0	0
	1977	7	0.0774	0.6793	0.1522	0.0765	0.0081	0.0029	0.0024	0.001	0	0
	1978	7	0.2937	0.4371	0.0779	0.1165	0.0578	0.0148	0.0016	3e-04	2e-04	0
	1979	7	0.0226	0.2138	0.3456	0.3	0.079	0.0307	0.0067	0.0012	4e-04	0
	1980	7	0.501	0.2657	0.0968	0.0308	0.0437	0.0382	0.0214	0.0025	0	0
	1981	7	0.4508	0.4722	0.0397	0.02	0.0095	0.0038	0.0015	0.0024	1e-04	0
	1982	7	0.2669	0.5083	0.1216	0.0471	0.0306	0.0104	0.0097	0.0051	4e-04	0
	1983	7	0.7171	0.2534	0.0227	0.0054	9e-04	5e-04	1e-04	0	0	0
	1984	7	0.0189	0.7847	0.1558	0.0216	0.0142	0.0026	0.0012	8e-04	1e-04	0
	1985	7	0.1113	0.6361	0.2015	0.0363	0.0094	0.0045	7e-04	1e-04	0	0
	1986	7	0.5785	0.3341	0.0397	0.037	0.0075	0.0029	4e-04	0	0	0
	1987	7	0.1493	0.7882	0.0141	0.0235	0.0139	0.0096	0.0012	1e-04	0	0
	1988	7	0.7325	0.2291	0.0237	0.0045	0.0056	0.0031	0.0014	0	0	0
	1989	7	0.5597	0.4127	0.0141	0.0098	0.0017	0.0014	6e-04	0	0	0
	1990	7	0.4915	0.2971	0.1411	0.028	0.0374	0.0047	1e-04	0	0	0
	1991	7	0.3475	0.5401	0.0414	0.0394	0.0205	0.0069	0.0039	3e-04	0	0
	1992	7	0.1662	0.7166	0.0848	0.0213	0.0085	0.0022	2e-04	1e-04	0	0
	1993	7	0.0635	0.6547	0.2012	0.0606	0.0138	0.0055	7e-04	0	0	0
	1994	7	0.1371	0.4028	0.2608	0.1302	0.0677	0.0012	1e-04	1e-04	0	0
	1995	7	0.5302	0.313	0.1396	0.0149	0.0015	8e-04	0	0	0	0
	1996	7	0.5741	0.1775	0.1674	0.0609	0.0191	9e-04	0	0	0	0
	1997	7	0.459	0.2342	0.2365	0.0521	0.0173	8e-04	0	0	0	0
	1998	7	0.31	0.346	0.1735	0.153	0.0077	0.0055	0.0036	6e-04	0	0
	1999	7	0.125	0.1216	0.0907	0.2851	0.3024	0.061	0.0137	5e-04	0	0
	2000	7	0.5047	0.2595	0.0957	0.0356	0.0657	0.0372	0.0015	2e-04	0	0
	2001	7	0.0043	0.7646	0.1652	0.0351	0.0094	0.0134	0.0073	6e-04	1e-04	0
	2002	7	0.1876	0.5178	0.2678	0.0209	0.0052	5e-04	1e-04	0	0	0
	2003	7	0	0.7054	0.1912	0.022	0.051	0.0292	0.0012	0	0	0
	2004	7	0.4536	0.4308	0.0545	0.042	0.0116	0.005	0.0022	2e-04	0	0
	2005	7	0.6147	0.2253	0.1269	0.0155	0.0142	0.0023	7e-04	2e-04	1e-04	0
	2006	7	0.4217	0.3156	0.2032	0.0241	0.0097	0.0162	0.0076	0.0011	3e-04	5e-04
	2007	8	0	0.4546	0.2265	0.2013	0.0833	0.0243	0.0088	0.001	1e-04	1e-04
	2008	8	0.0042	0.4394	0.3159	0.2026	0.0312	9e-04	0.0042	0.0013	3e-04	0
	2009	8	0.0013	0.3152	0.3749	0.1407	0.0537	0.084	0.0251	0.0036	0.0015	0
	2010	8	0.0043	0.573	0.2356	0.1302	0.0274	0.0075	0.0187	0.0025	5e-04	4e-04
	2011	8	0	0.2116	0.1178	0.1562	0.3401	0.1089	0.0189	0.0378	0.0082	6e-04
##
## ------------------------------------------------------------------------- ##
## EMPIRICAL WEIGHT-AT-AGE DATA                                              ##
## ------------------------------------------------------------------------- ##
	 60 	 # Number of years of weight-at-age data int(n_wt_obs)
## year age columns (sage, nage) of weight at age data
1952	5.068	9.493	21.892	37.35	55.462	73.405	94.206	116.372	136.612	195.448
1953	5.065	9.717	20.878	36.838	55.433	71.71	94.669	115.395	137.671	191.575
1954	5.06	9.568	16.86	38.424	55.406	70.821	93.46	116.002	139.261	193.923
1955	5.073	10.845	20.48	35.128	53.675	72.823	92.528	116.536	138.177	192.96
1956	5.079	10.95	20.338	35.178	54.11	71.908	92.839	115.577	137.817	197.802
1957	5.07	11.062	20.362	35.541	53.426	72.629	92.71	113.839	141.399	200.877
1958	3.964	10.764	20.341	35.464	54.311	70.218	93.695	116.692	138.063	215.457
1959	5.05	10.663	20.787	34.711	54.274	72.347	93.37	116.471	140.801	203.04
1960	5.008	10.413	20.827	35.223	54.228	69.692	90.955	115.08	138.236	199.349
1961	5.006	10.403	20.869	35.236	54.326	69.955	91.488	117.77	138.75	206.972
1962	5.042	10.263	21.1	35.802	53.688	69.415	93.374	115.897	138.691	214.087
1963	4.954	10.507	20.635	35.754	54.586	70.18	91.606	120.271	139.245	199.348
1964	4.777	10.114	20.448	34.838	53.414	69.966	94.553	117.835	139.14	217.47
1965	4.808	9.916	20.66	35.33	51.963	70.841	94.927	114.702	142.074	247.507
1966	3.012	10.365	21.51	35.698	53.527	69.485	94.323	113.351	138.371	236.893
1967	2.62	10.709	21.433	35.736	55.15	71.894	90.122	117.842	140.017	248
1968	5.211	11.324	20.816	36.176	55.224	73.384	97.515	116.332	144.833	250.088
1969	5.081	10.357	20.528	35.334	52.013	71.523	99.472	120.881	142.375	261.922
1970	5.216	10.141	21.677	35.137	53.171	72.993	95.377	118.981	145.22	229.48
1971	5.601	10.082	19.053	35.289	54.104	73.132	96.389	120.496	145.71	267.144
1972	5.188	10.756	20.057	34.808	55.3	72.866	94.998	118.099	147.383	269.721
1973	5.235	10.357	19.06	33.083	54.145	72.742	97.44	121.187	142.113	271.148
1974	4.175	11.063	21.07	35.75	53.668	73.633	96.453	121.82	152.501	265.432
1975	4.641	11.073	20.831	37.016	52.904	71.525	92.925	121.619	148.945	264.882
1976	5.874	12.104	19.745	35.657	53.329	74.207	94.123	120.144	152.657	279.654
1977	4.159	11.232	22.298	35.205	55.538	74.281	94.625	116.099	140.946	283
1978	5.609	10.058	21.2	36.94	53.364	71.509	94.873	121.801	144.77	279.772
1979	5.403	12.51	21.152	35.807	53.014	71.798	93.689	114.58	138.909	270.784
1980	4.929	10.925	18.704	31.864	52.308	72.038	93.005	116.4	144.024	258.213
1981	5.096	11.098	18.758	31.848	53.634	71.792	93.303	115.495	143.483	241.465
1982	5.739	12.142	21.416	35.096	51.954	73.012	93.374	112.907	141.96	244.874
1983	5.213	12.142	19.882	34.011	53.452	73.228	99.415	117.866	145.225	223.699
1984	5.087	10.852	21.886	35.538	52.776	75.264	95.198	118.095	142.761	228.521
1985	5.108	10.929	22.274	35.746	53.161	75.214	96.721	120.245	147.493	243.25
1986	4.952	11.842	21.604	34.518	53.524	73.246	96.247	118.694	144.979	243.139
1987	5.17	10.697	18.784	35.245	53.257	72.326	96.802	118.58	144.479	237.796
1988	4.879	10.933	20.345	35.948	53.443	75.052	97.482	119.741	145.95	240.096
1989	5.369	10.715	21.514	33.101	45.353	73.831	97.867	116.703	144.547	255.109
1990	4.549	10.066	18.13	32.936	52.221	72.01	95.42	117.732	145.002	226.244
1991	4.955	10.427	19.068	33.741	54.433	73.274	95.563	118.999	146.155	214.293
1992	4.775	11.094	19.47	32.532	57.967	78.634	102.466	122.723	146.297	216.768
1993	4.571	10.219	17.645	34.151	54.126	72.702	93.152	116.442	143.269	239.873
1994	5.822	10.07	20.65	35.254	53.068	71.616	93.147	118.756	148.421	230.833
1995	5.243	11.766	19.068	32.934	54.839	72.128	94.242	120.055	145.061	243.389
1996	4.918	9.396	18.881	32.384	50.582	72.548	95.754	121.496	147.526	240.54
1997	4.941	11.354	20.294	34.279	52.31	71.821	94.515	119.846	146.622	220.615
1998	4.668	10.122	18.225	33.796	50.476	69.606	93.53	120.599	146.213	224.936
1999	5.674	11.044	22.44	34.475	52.433	72.589	96.928	120.285	155.282	222.654
2000	4.101	10.811	17.808	36.474	54.166	72.724	96.347	120.389	143.327	222.526
2001	6.376	9.444	20.149	30.597	51.87	74.769	95.539	119.391	142.331	204.868
2002	5.786	11.042	19.183	32.858	54.12	74.016	98.229	120.963	144.996	219.921
2003	6.163	10.493	20.035	35.531	55.506	75.774	96.465	123.792	144.838	214.956
2004	6.338	10.719	18.889	33.958	50.793	76.79	96.557	119.05	149.139	215.293
2005	6.416	11.475	17.091	30.654	54.176	77.79	98.746	118.287	149.388	200.919
2006	6.942	10.281	18.04	31.925	50.954	71.854	94.232	117.21	145.8	213.636
2007	2.94	10.68	23.82	32.51	51.5	70.34	95.25	116.58	145.8	214.63
2008	6.69	10.87	20.31	34.6	51.89	70.49	94.81	121.78	146.15	232.81
2009	5.03	12.38	21.79	37.13	51.29	78.11	93.88	124.89	145.55	214.27
2010	5.556	13.082	21.391	38.114	52.953	75.199	96.211	120.068	140.329	210.212
2011	3.498	10.954	22.969	35.194	52.565	72.704	88.962	118.34	142.104	219.249
##
## ------------------------------------------------------------------------- ##
## MARKER FOR END OF DATA FILE (eof)                                         ##
## ------------------------------------------------------------------------- ##
999
