# Number of parameters = 148  Objective function value = -5889.98  Maximum gradient component = 0.00875289
# theta[1]:
17.5995404152
# theta[2]:
0.471166068224
# theta[3]:
-1.47000000000
# theta[4]:
14.8622807596
# theta[5]:
13.8253202123
# theta[6]:
0.121316287826
# theta[7]:
1.00638222021
# sel_par[1]:
 -0.769689226111 0.299247060101 -0.0946731824415 0.159574370402 0.405540975813
# sel_par[2]:
 2.27667674531 -0.0944007972423
# sel_par[3]:
 2.18361695308 -0.174887839858
# log_ft_pars:
 -1.70014775198 -2.60047143902 -2.53003916765 -2.54241792168 -2.61993444558 -2.52808889299 -3.00596333567 -2.90992813336 -2.78429647673 -2.87158139152 -2.81106712595 -2.58564178976 -2.56976062593 -3.19636686045 -2.93510936937 -3.13271210005 -2.65757338325 -2.77905584174 -3.32525373061 -2.99207574186 -3.25016477314 -3.17417851778 -3.01575336075 -3.46758625469 -3.03982919939 -2.58215741023 -2.69037681122 -3.03357092829 -3.18780714564 -4.03692191683 -3.26154235149 -2.92371501248 -2.43329292114 -2.32626609519 -2.47555329932 -3.16958406022 -2.86012735361 -3.19984703715 -2.62096652233 -2.57185691449 -2.52785394741 -2.68883666932 -2.59799568010 -2.44200845694 -2.58828790962 -2.77125822886 -2.10920404562 -2.37756276751 -1.98012289522 -2.33862186111 -1.63417003360 -2.41953112445 -2.52409697495 -3.01576682051 -2.68434508158 -2.49023121118 -2.60591728619 -2.45598614685 -3.61529624860 -4.05488749950 -4.72549538127 -5.07664424508
# init_log_rec_devs:
 0.190100696093 0.209146428826 0.153720761001 0.00947426573559 -0.0762438636026 -0.155301782334 -0.207658072665 0.0106212969748 -0.133859520331
# log_rec_devs:
 -1.32638247177 0.863748755383 -3.18021612825 -1.49451368100 -0.820243237653 1.24612707698 -0.503456283451 -1.27893971530 -1.25259815460 -0.700833807052 -1.44026314005 -1.27952876143 -2.01470050169 0.478405994058 -0.234422182214 -1.11947422122 -0.0428526159743 0.567976330271 -0.189093824269 -0.896283657315 -2.20332679782 -0.792824677331 0.784705175934 0.683102843438 -0.627009314445 -0.875909901448 0.748445984714 1.48842152518 0.219876254726 0.134125980889 -0.177022852630 0.0499817186954 0.827229120768 0.356992770672 0.504794411871 2.33919910310 -1.31302225272 0.221990581656 -0.101417753260 0.334902739145 0.986389425239 0.846108511106 1.03188376518 1.37055326123 0.0469557022261 1.89988237131 -1.21158284696 -0.348569832713 0.840859236703 1.25909867821 1.85533480165 -0.160003344245 1.39958770526 -0.129331453379 0.862149911524 -1.37790047022 -0.172359641243 -0.592031891912 1.38590918657 0.863909388667 1.13109373760 0.226372192803
# log_m_nodes:
 0.00000000000 0.00000000000 0.00000000000 0.00000000000 0.00000000000 0.00000000000 0.00000000000 0.00000000000 0.00000000000 0.00000000000 0.00000000000 0.00000000000
